map_center:
  lat: 42.4184296
  lng: -71.1061639